1000
1
8748
TEST ONE: total configurations: 80
0
TEST TWO: mean configurations per policy set: 19.651000
TEST THREE: illegal configurations: 0
TEST FIVE: conflicting app-user policy sets: 0
TEST FIVE: mean conflicting app-app/user-user policy sets: 3 (0, 9)
3877.85802469 1912 4342
[15, 15, 14, 14, 8, 6, 20, 12, 40, 9, 12, 20, 20, 12, 37, 24, 16, 6, 16, 8, 14, 24, 18, 56, 10, 4, 28, 16, 18, 32, 30, 16, 22, 16, 24, 31, 20, 17, 6, 28, 16, 8, 8, 32, 4, 12, 10, 14, 12, 14, 14, 16, 24, 14, 21, 22, 16, 20, 54, 32, 8, 16, 16, 32, 12, 20, 32, 6, 8, 36, 10, 17, 8, 8, 2, 20, 16, 8, 11, 5, 8, 16, 8, 40, 16, 14, 13, 16, 16, 12, 16, 12, 12, 14, 15, 8, 11, 26, 5, 26, 16, 24, 5, 4, 14, 12, 6, 22, 28, 36, 8, 15, 13, 48, 42, 16, 4, 40, 16, 36, 32, 8, 20, 16, 20, 8, 18, 9, 14, 12, 18, 30, 14, 4, 20, 12, 16, 40, 6, 16, 22, 16, 54, 72, 14, 13, 20, 12, 7, 16, 8, 37, 4, 40, 6, 16, 26, 28, 24, 36, 28, 6, 7, 22, 4, 20, 28, 28, 8, 8, 20, 20, 8, 15, 10, 7, 26, 12, 16, 20, 21, 8, 16, 28, 8, 10, 32, 14, 16, 34, 4, 30, 24, 40, 24, 52, 12, 22, 20, 30, 28, 15, 16, 8, 20, 32, 20, 4, 32, 16, 28, 32, 16, 16, 48, 42, 64, 32, 28, 40, 20, 4, 12, 12, 14, 12, 16, 12, 24, 8, 24, 8, 32, 10, 8, 20, 4, 18, 16, 16, 27, 24, 20, 8, 38, 21, 5, 24, 8, 16, 15, 10, 6, 20, 16, 8, 15, 36, 12, 48, 16, 16, 42, 4, 64, 20, 14, 9, 12, 6, 30, 16, 24, 24, 38, 20, 38, 14, 7, 24, 16, 13, 5, 28, 28, 16, 20, 56, 25, 40, 24, 12, 10, 32, 16, 16, 12, 10, 8, 16, 8, 32, 16, 12, 4, 14, 24, 12, 14, 18, 48, 9, 18, 20, 12, 20, 15, 18, 16, 24, 20, 18, 14, 56, 24, 15, 22, 16, 32, 12, 8, 12, 54, 14, 24, 28, 16, 16, 26, 20, 24, 8, 6, 12, 16, 32, 12, 8, 12, 6, 16, 12, 16, 8, 20, 16, 48, 20, 13, 30, 32, 7, 24, 14, 32, 16, 7, 20, 12, 16, 26, 26, 6, 8, 24, 5, 8, 15, 10, 8, 24, 8, 9, 16, 24, 28, 15, 22, 48, 12, 8, 24, 20, 14, 12, 16, 12, 10, 34, 18, 18, 16, 16, 28, 6, 8, 27, 18, 14, 16, 40, 24, 5, 16, 16, 24, 8, 32, 18, 10, 16, 20, 22, 6, 16, 16, 32, 32, 26, 34, 12, 12, 15, 10, 20, 10, 20, 27, 16, 36, 64, 8, 9, 14, 24, 15, 6, 32, 25, 8, 10, 32, 28, 15, 28, 6, 28, 28, 20, 24, 8, 16, 55, 26, 24, 36, 16, 15, 8, 16, 10, 36, 15, 16, 36, 12, 5, 10, 8, 6, 20, 46, 16, 12, 12, 12, 32, 36, 8, 16, 8, 24, 20, 12, 12, 16, 10, 18, 38, 5, 16, 80, 12, 32, 16, 14, 48, 6, 22, 24, 10, 36, 28, 22, 40, 7, 58, 25, 18, 16, 7, 12, 12, 14, 6, 4, 12, 28, 32, 11, 28, 34, 18, 14, 16, 32, 8, 20, 6, 40, 20, 12, 34, 8, 31, 30, 12, 6, 20, 9, 56, 31, 16, 48, 24, 16, 12, 22, 28, 26, 10, 4, 8, 64, 20, 18, 36, 16, 7, 8, 12, 17, 8, 32, 8, 16, 32, 48, 8, 35, 9, 20, 28, 16, 18, 24, 10, 8, 20, 15, 20, 12, 24, 16, 10, 16, 14, 10, 32, 4, 20, 12, 24, 8, 64, 19, 60, 14, 16, 28, 17, 12, 26, 24, 14, 16, 4, 27, 12, 18, 30, 18, 6, 8, 32, 10, 18, 36, 24, 36, 22, 16, 14, 30, 47, 13, 16, 30, 32, 20, 8, 52, 32, 21, 32, 16, 24, 24, 7, 10, 8, 24, 16, 36, 15, 8, 20, 6, 80, 20, 30, 18, 16, 16, 16, 14, 28, 8, 14, 10, 32, 32, 10, 16, 28, 48, 6, 10, 8, 28, 15, 36, 18, 36, 32, 14, 24, 40, 48, 10, 20, 24, 28, 5, 10, 18, 16, 24, 6, 16, 10, 12, 30, 64, 6, 12, 28, 20, 5, 32, 8, 20, 9, 28, 22, 16, 10, 20, 26, 20, 18, 14, 16, 6, 12, 26, 23, 21, 11, 12, 8, 12, 30, 16, 28, 40, 8, 28, 20, 5, 20, 40, 17, 20, 20, 12, 8, 7, 16, 40, 12, 36, 20, 16, 22, 4, 18, 32, 32, 28, 8, 16, 26, 8, 17, 40, 12, 20, 24, 15, 23, 36, 20, 32, 10, 40, 12, 8, 24, 20, 40, 8, 32, 48, 24, 33, 12, 12, 14, 32, 12, 20, 34, 58, 10, 36, 20, 10, 8, 16, 14, 8, 6, 25, 14, 12, 16, 42, 14, 16, 18, 8, 48, 24, 8, 20, 34, 40, 18, 26, 16, 24, 24, 19, 16, 10, 53, 18, 16, 12, 12, 12, 20, 18, 20, 14, 18, 6, 12, 6, 6, 20, 24, 8, 6, 12, 16, 12, 24, 20, 12, 18, 36, 52, 16, 12, 3, 16, 12, 20, 24, 48, 6, 5, 4, 10, 36, 36, 14, 10, 4, 10, 16, 28, 24, 10, 4, 16, 16, 10, 16, 8, 12, 32, 16, 32, 18, 12, 40, 32, 16, 25, 12, 20, 16, 12, 8, 50, 6, 24, 16, 14, 12, 24, 40, 6, 16, 54, 24, 8, 16, 12, 6, 32, 22, 14, 24, 60, 14, 12, 12, 20, 10, 24, 16, 12, 24, 24, 20, 16, 25, 6, 14, 5, 32, 7, 7, 16, 40, 12, 20, 8, 24, 18, 18, 16, 9, 8, 20, 14, 39, 32, 28, 22, 76, 10, 18, 12, 48, 8, 12, 8, 8, 16, 10, 38, 27, 32, 7, 8, 52, 18, 15, 18, 4, 14, 40, 19, 8, 20, 28, 8, 20, 8, 16, 51, 30, 8, 12, 8, 18, 64, 32, 10, 12, 30, 20, 5, 30, 12]
[3.9382716049382718, 4.3209876543209873, 4.9444444444444446, 4.8364197530864201, 2.6296296296296298, 2.1481481481481484, 2.8549382716049383, 4.4753086419753085, 1.9259259259259258, 5.7623456790123457, 3.7962962962962963, 2.8611111111111112, 3.8796296296296298, 4.1111111111111107, 4.1111111111111107, 3.7685185185185186, 2.867283950617284, 3.7407407407407409, 4.3858024691358022, 6.5401234567901234, 3.9444444444444446, 4.7901234567901234, 3.1388888888888888, 4.3518518518518521, 4.3765432098765435, 3.9567901234567899, 3.6388888888888888, 3.2129629629629628, 3.5802469135802468, 3.1666666666666665, 4.1388888888888893, 6.1080246913580245, 3.9506172839506171, 3.4135802469135803, 3.8549382716049383, 4.3364197530864201, 3.8487654320987654, 4.4814814814814818, 2.6111111111111112, 3.3611111111111112, 3.5401234567901234, 3.2314814814814814, 2.9722222222222223, 2.6358024691358026, 3.4753086419753085, 3.4938271604938271, 2.6666666666666665, 3.8611111111111112, 3.308641975308642, 3.7870370370370372, 4.6049382716049383, 2.6296296296296298, 4.1851851851851851, 2.9382716049382718, 2.7222222222222223, 3.9012345679012346, 3.1666666666666665, 4.1141975308641978, 4.1203703703703702, 2.8364197530864197, 4.2623456790123457, 5.8734567901234565, 3.1666666666666665, 3.5185185185185186, 2.9444444444444446, 3.7037037037037037, 4.2592592592592595, 4.8487654320987659, 5.0987654320987659, 3.7469135802469138, 2.3703703703703702, 4.0679012345679011, 3.8024691358024691, 4.4351851851851851, 3.382716049382716, 3.5154320987654319, 5.2901234567901234, 1.5493827160493827, 2.6111111111111112, 5.716049382716049, 3.6419753086419755, 4.6604938271604937, 3.2962962962962963, 4.0246913580246915, 3.9320987654320989, 3.1666666666666665, 3.9753086419753085, 4.2962962962962967, 3.6604938271604937, 4.8549382716049383, 3.3425925925925926, 3.5833333333333335, 2.7808641975308643, 5.9413580246913584, 4.1975308641975309, 3.7901234567901234, 3.5555555555555554, 4.1790123456790127, 2.691358024691358, 5.0154320987654319, 4.5679012345679011, 3.9969135802469138, 4.6234567901234565, 5.7592592592592595, 4.2870370370370372, 2.5, 3.6604938271604937, 2.675925925925926, 5.5432098765432096, 3.2839506172839505, 2.2438271604938271, 5.1481481481481479, 4.5246913580246915, 4.1481481481481479, 4.7283950617283947, 2.8487654320987654, 5.117283950617284, 4.8240740740740744, 3.558641975308642, 4.6481481481481479, 4.9104938271604937, 4.1882716049382713, 4.4598765432098766, 3.8641975308641974, 4.9197530864197532, 4.0123456790123457, 3.1790123456790123, 3.3888888888888888, 4.2901234567901234, 3.3950617283950617, 3.1388888888888888, 2.3271604938271606, 4.6851851851851851, 3.2746913580246915, 3.9567901234567899, 2.6481481481481484, 3.2067901234567899, 3.1388888888888888, 2.2777777777777777, 5.5555555555555554, 3.4722222222222223, 4.882716049382716, 2.8456790123456792, 4.1296296296296298, 3.5648148148148149, 4.1697530864197532, 5.1635802469135799, 3.6666666666666665, 1.6759259259259258, 4.0771604938271606, 4.2345679012345681, 3.9845679012345681, 3.3117283950617282, 3.9629629629629628, 4.9506172839506171, 4.3611111111111107, 4.0462962962962967, 4.2716049382716053, 4.1481481481481479, 3.5956790123456792, 3.4166666666666665, 2.3456790123456792, 3.0648148148148149, 0.32098765432098764, 3.4567901234567899, 3.0370370370370372, 3.9660493827160495, 4.4104938271604937, 4.1481481481481479, 3.5802469135802468, 4.333333333333333, 4.3518518518518521, 4.7654320987654319, 3.8024691358024691, 4.4537037037037033, 4.2376543209876543, 4.0462962962962967, 3.5493827160493829, 2.9753086419753085, 5.2716049382716053, 4.1604938271604937, 1.8611111111111112, 2.9629629629629628, 2.5493827160493829, 4.4197530864197532, 3.8981481481481484, 4.5, 4.1111111111111107, 4.5061728395061724, 4.7777777777777777, 2.3148148148148149, 4.4783950617283947, 4.4413580246913584, 4.1296296296296298, 3.5987654320987654, 4.1388888888888893, 5.3395061728395063, 3.5277777777777777, 4.216049382716049, 4.7685185185185182, 4.4074074074074074, 2.0185185185185186, 4.0864197530864201, 4.867283950617284, 3.824074074074074, 3.5370370370370372, 3.6574074074074074, 1.9382716049382716, 2.8611111111111112, 1.8888888888888888, 4.1759259259259256, 3.1234567901234569, 4.1111111111111107, 3.4475308641975309, 3.9197530864197532, 4.2283950617283947, 3.1018518518518516, 4.9074074074074074, 3.9382716049382718, 3.8487654320987654, 4.0432098765432096, 5.2530864197530862, 3.6975308641975309, 3.2870370370370372, 4.4043209876543212, 3.558641975308642, 3.3888888888888888, 3.5555555555555554, 3.8148148148148149, 7.3858024691358022, 3.1419753086419755, 3.3950617283950617, 3.1944444444444446, 4.3364197530864201, 3.6111111111111112, 4.132716049382716, 4.666666666666667, 3.3055555555555554, 4.2469135802469138, 4.0740740740740744, 3.9907407407407409, 4.4351851851851851, 4.1574074074074074, 4.9938271604938276, 4.333333333333333, 5.7283950617283947, 3.1388888888888888, 5.166666666666667, 2.5339506172839505, 4.3302469135802468, 3.5277777777777777, 4.3919753086419755, 4.7283950617283947, 3.1419753086419755, 3.9104938271604937, 3.1481481481481484, 3.9907407407407409, 3.4197530864197532, 5.4444444444444446, 4.0740740740740744, 3.0123456790123457, 5.1049382716049383, 1.9938271604938271, 3.8333333333333335, 5.1975308641975309, 3.675925925925926, 3.9475308641975309, 4.4012345679012341, 4.9722222222222223, 5.4691358024691361, 4.9320987654320989, 4.0432098765432096, 4.6820987654320989, 5.2962962962962967, 3.4135802469135803, 5.4413580246913584, 4.5185185185185182, 3.4382716049382718, 3.8858024691358026, 4.9814814814814818, 4.8518518518518521, 3.8055555555555554, 2.9320987654320989, 3.4567901234567899, 3.4475308641975309, 4.3796296296296298, 4.1604938271604937, 5.6296296296296298, 3.5, 4.4290123456790127, 3.8919753086419755, 2.7870370370370372, 4.0802469135802468, 3.6604938271604937, 2.9629629629629628, 3.9506172839506171, 5.8024691358024691, 3.6666666666666665, 3.2129629629629628, 3.1574074074074074, 5.2592592592592595, 3.6512345679012346, 3.867283950617284, 4.1358024691358022, 2.4382716049382718, 4.5864197530864201, 2.9660493827160495, 3.2345679012345681, 4.5925925925925926, 4.5401234567901234, 3.5925925925925926, 3.425925925925926, 3.2222222222222223, 5.0, 4.9722222222222223, 2.7592592592592591, 3.4537037037037037, 4.3518518518518521, 2.7067901234567899, 3.2253086419753085, 3.9783950617283952, 3.1018518518518516, 2.1388888888888888, 4.0308641975308639, 4.5462962962962967, 3.3333333333333335, 3.4351851851851851, 4.7438271604938276, 4.8549382716049383, 5.0246913580246915, 3.6419753086419755, 3.7870370370370372, 4.1728395061728394, 4.1049382716049383, 4.2746913580246915, 4.2345679012345681, 3.3611111111111112, 3.7314814814814814, 4.9814814814814818, 4.3240740740740744, 2.9382716049382718, 2.8703703703703702, 4.7808641975308639, 4.5493827160493829, 3.7037037037037037, 3.8364197530864197, 4.4104938271604937, 4.1913580246913584, 3.4753086419753085, 4.0555555555555554, 3.382716049382716, 3.8271604938271606, 4.4197530864197532, 2.9012345679012346, 5.2222222222222223, 4.5123456790123457, 4.5740740740740744, 3.6141975308641974, 2.7808641975308643, 3.925925925925926, 2.8919753086419755, 3.7438271604938271, 3.8209876543209877, 3.7623456790123457, 3.7777777777777777, 4.5277777777777777, 3.5370370370370372, 2.8549382716049383, 3.0648148148148149, 3.6851851851851851, 3.8580246913580245, 4.2098765432098766, 4.3518518518518521, 4.083333333333333, 4.3148148148148149, 4.7469135802469138, 3.5185185185185186, 3.6820987654320989, 3.8024691358024691, 3.9012345679012346, 4.0493827160493829, 3.9475308641975309, 5.3425925925925926, 3.2623456790123457, 4.0740740740740744, 4.2746913580246915, 2.3888888888888888, 3.8796296296296298, 3.0617283950617282, 3.6234567901234569, 5.2808641975308639, 2.0555555555555554, 4.2962962962962967, 3.5061728395061729, 4.2716049382716053, 4.333333333333333, 2.6790123456790123, 4.8117283950617287, 5.4320987654320989, 3.3981481481481484, 3.4814814814814814, 4.166666666666667, 3.2592592592592591, 3.382716049382716, 4.7098765432098766, 3.7098765432098766, 4.1913580246913584, 6.7592592592592595, 4.1296296296296298, 4.0277777777777777, 4.0030864197530862, 3.9012345679012346, 4.8888888888888893, 3.8425925925925926, 3.7839506172839505, 4.0802469135802468, 2.9012345679012346, 3.1203703703703702, 4.6975308641975309, 2.9722222222222223, 3.3611111111111112, 3.7006172839506171, 4.2129629629629628, 4.5185185185185182, 3.8055555555555554, 3.4475308641975309, 4.6543209876543212, 5.4907407407407405, 2.2777777777777777, 4.3611111111111107, 3.9382716049382718, 3.0432098765432101, 4.9567901234567904, 4.4845679012345681, 5.6697530864197532, 5.2530864197530862, 3.824074074074074, 4.1790123456790127, 3.5, 4.8302469135802468, 2.9074074074074074, 4.9629629629629628, 4.9814814814814818, 3.0648148148148149, 4.6604938271604937, 4.3796296296296298, 3.0401234567901234, 3.8024691358024691, 2.675925925925926, 5.4783950617283947, 3.1574074074074074, 4.4074074074074074, 4.2283950617283947, 3.7345679012345681, 3.3333333333333335, 4.0185185185185182, 4.2623456790123457, 4.1697530864197532, 2.9444444444444446, 4.083333333333333, 3.5308641975308643, 3.75, 4.0586419753086416, 3.9567901234567899, 3.9753086419753085, 3.6851851851851851, 3.5, 1.7345679012345678, 4.1296296296296298, 3.1358024691358026, 3.0277777777777777, 3.8858024691358026, 3.0308641975308643, 3.0308641975308643, 4.0401234567901234, 4.0123456790123457, 3.7037037037037037, 2.8271604938271606, 2.7716049382716048, 4.4475308641975309, 3.7808641975308643, 3.1666666666666665, 2.2993827160493829, 3.7530864197530862, 4.4753086419753085, 2.0462962962962963, 4.3549382716049383, 8.4351851851851851, 2.0, 4.0030864197530862, 3.9845679012345681, 4.4290123456790127, 3.3333333333333335, 4.4814814814814818, 5.5679012345679011, 3.4104938271604937, 5.6419753086419755, 4.0030864197530862, 5.8425925925925926, 3.2901234567901234, 4.5123456790123457, 3.4907407407407409, 3.9753086419753085, 3.3641975308641974, 3.7222222222222223, 3.7716049382716048, 4.2654320987654319, 3.3796296296296298, 2.1604938271604937, 3.0, 4.7932098765432096, 4.3117283950617287, 3.4475308641975309, 5.1820987654320989, 4.416666666666667, 2.6697530864197532, 3.4012345679012346, 3.2808641975308643, 3.382716049382716, 3.6388888888888888, 4.333333333333333, 4.4537037037037033, 3.6111111111111112, 3.7006172839506171, 2.4567901234567899, 4.5123456790123457, 3.5216049382716048, 5.1234567901234565, 2.7870370370370372, 2.4197530864197532, 3.3703703703703702, 3.382716049382716, 4.216049382716049, 4.9012345679012341, 4.8981481481481479, 4.5586419753086416, 4.9382716049382713, 5.466049382716049, 2.7345679012345681, 3.0864197530864197, 3.3919753086419755, 3.8425925925925926, 4.3148148148148149, 3.3981481481481484, 4.9845679012345681, 4.2438271604938276, 2.3425925925925926, 5.6944444444444446, 4.132716049382716, 3.7716049382716048, 3.2685185185185186, 4.2469135802469138, 2.9567901234567899, 3.8919753086419755, 3.7438271604938271, 3.7067901234567899, 3.1481481481481484, 5.2716049382716053, 3.5061728395061729, 4.7438271604938276, 3.5462962962962963, 3.3425925925925926, 4.0555555555555554, 4.0679012345679011, 3.4876543209876543, 2.2067901234567899, 3.8333333333333335, 3.8456790123456792, 2.5925925925925926, 1.6296296296296295, 2.2962962962962963, 3.4228395061728394, 3.6481481481481484, 4.2592592592592595, 2.8703703703703702, 4.1851851851851851, 3.8734567901234569, 3.9938271604938271, 3.1481481481481484, 2.6049382716049383, 4.6018518518518521, 2.2623456790123457, 4.0925925925925926, 3.3333333333333335, 5.6728395061728394, 2.9845679012345681, 3.7283950617283952, 5.1049382716049383, 3.4537037037037037, 3.4290123456790123, 4.2777777777777777, 4.2808641975308639, 3.2839506172839505, 2.6543209876543208, 4.6296296296296298, 2.6944444444444446, 2.6666666666666665, 3.617283950617284, 3.7716049382716048, 0.7407407407407407, 4.7345679012345681, 3.1141975308641974, 4.367283950617284, 4.0555555555555554, 2.9567901234567899, 3.1666666666666665, 3.3456790123456792, 2.308641975308642, 5.6203703703703702, 4.6265432098765435, 3.808641975308642, 4.3086419753086416, 3.7993827160493829, 4.4845679012345681, 3.5925925925925926, 3.2592592592592591, 2.9444444444444446, 3.6790123456790123, 3.0833333333333335, 3.8518518518518516, 4.333333333333333, 4.3580246913580245, 5.0370370370370372, 5.5, 3.9135802469135803, 4.2345679012345681, 3.1851851851851851, 4.1944444444444446, 3.3611111111111112, 3.6111111111111112, 3.1728395061728394, 3.4938271604938271, 4.5308641975308639, 3.2407407407407409, 4.966049382716049, 5.7654320987654319, 3.6728395061728394, 4.6450617283950617, 1.9938271604938271, 3.824074074074074, 4.2716049382716053, 3.1790123456790123, 3.3333333333333335, 3.9012345679012346, 3.5833333333333335, 4.8302469135802468, 4.1975308641975309, 3.5864197530864197, 3.4074074074074074, 4.2561728395061724, 5.7932098765432096, 3.0956790123456792, 2.6265432098765431, 3.5092592592592591, 4.0617283950617287, 2.2592592592592591, 5.3148148148148149, 1.6790123456790123, 4.8611111111111107, 4.4043209876543212, 4.1604938271604937, 2.5648148148148149, 4.2191358024691361, 2.4506172839506171, 4.4290123456790127, 4.0092592592592595, 4.0740740740740744, 4.0277777777777777, 4.4814814814814818, 4.0, 4.4598765432098766, 4.0648148148148149, 5.8024691358024691, 3.3888888888888888, 5.2129629629629628, 2.7716049382716048, 3.7037037037037037, 4.4104938271604937, 3.5154320987654319, 3.2222222222222223, 3.75, 2.7962962962962963, 4.0740740740740744, 3.7962962962962963, 4.2654320987654319, 4.333333333333333, 4.2345679012345681, 4.8179012345679011, 2.2222222222222223, 2.3148148148148149, 3.5648148148148149, 3.1234567901234569, 3.7530864197530862, 1.2685185185185186, 4.833333333333333, 4.4475308641975309, 6.2469135802469138, 4.0246913580246915, 5.3734567901234565, 3.9382716049382718, 4.9814814814814818, 3.7160493827160495, 4.1913580246913584, 4.5864197530864201, 4.7037037037037033, 3.2808641975308643, 4.0, 3.5987654320987654, 3.8148148148148149, 3.8888888888888888, 3.6604938271604937, 4.4907407407407405, 4.8117283950617287, 3.8148148148148149, 2.9814814814814814, 3.867283950617284, 4.5925925925925926, 4.0370370370370372, 3.3364197530864197, 3.9938271604938271, 4.2808641975308639, 3.7716049382716048, 4.5925925925925926, 2.7037037037037037, 5.8456790123456788, 3.5956790123456792, 4.4629629629629628, 3.6851851851851851, 3.6975308641975309, 4.2808641975308639, 4.6697530864197532, 3.617283950617284, 4.6697530864197532, 3.7716049382716048, 3.0493827160493829, 3.7253086419753085, 4.8703703703703702, 4.0648148148148149, 3.4135802469135803, 2.382716049382716, 4.5185185185185182, 3.5648148148148149, 3.9382716049382718, 4.6450617283950617, 3.2623456790123457, 3.5030864197530862, 2.9537037037037037, 4.5987654320987659, 3.1234567901234569, 4.5370370370370372, 4.4320987654320989, 3.5030864197530862, 3.8919753086419755, 2.0648148148148149, 4.0030864197530862, 3.0339506172839505, 3.9907407407407409, 3.9475308641975309, 5.0123456790123457, 3.3333333333333335, 2.4074074074074074, 4.0092592592592595, 4.1913580246913584, 4.0802469135802468, 3.7407407407407409, 4.3611111111111107, 2.5833333333333335, 5.2962962962962967, 3.5987654320987654, 3.1481481481481484, 4.5, 4.3549382716049383, 4.1604938271604937, 3.0648148148148149, 4.3024691358024691, 4.1388888888888893, 4.7685185185185182, 3.3333333333333335, 3.8364197530864197, 5.9444444444444446, 9.8271604938271597, 4.7870370370370372, 3.9351851851851851, 2.2962962962962963, 3.2685185185185186, 4.216049382716049, 3.8919753086419755, 4.0092592592592595, 4.5679012345679011, 3.5462962962962963, 3.7037037037037037, 4.0864197530864201, 3.3858024691358026, 3.7777777777777777, 3.9629629629629628, 2.8456790123456792, 4.9228395061728394, 3.9506172839506171, 6.6265432098765435, 4.9938271604938276, 4.6851851851851851, 1.6512345679012346, 4.333333333333333, 4.4722222222222223, 4.2037037037037033, 3.8580246913580245, 3.1388888888888888, 3.9567901234567899, 4.2716049382716053, 3.882716049382716, 3.5864197530864197, 5.0185185185185182, 4.4320987654320989, 4.1388888888888893, 2.6018518518518516, 4.7623456790123457, 3.7037037037037037, 4.5679012345679011, 4.0555555555555554, 3.1790123456790123, 3.9012345679012346, 4.75, 3.8333333333333335, 4.0185185185185182, 4.166666666666667, 4.466049382716049, 3.1790123456790123, 3.6111111111111112, 3.0, 4.3271604938271606, 2.9629629629629628, 3.382716049382716, 2.8611111111111112, 4.3425925925925926, 1.3641975308641976, 4.2407407407407405, 4.1512345679012341, 2.8981481481481484, 3.7222222222222223, 4.1111111111111107, 3.5154320987654319, 5.6790123456790127, 3.2345679012345681, 1.6666666666666667, 4.5586419753086416, 1.1790123456790123, 3.5, 2.7592592592592591, 4.3148148148148149, 3.6296296296296298, 3.9074074074074074, 3.8611111111111112, 2.9722222222222223, 3.175925925925926, 3.0555555555555554, 4.2345679012345681, 7.2222222222222223, 4.3888888888888893, 5.1543209876543212, 4.3518518518518521, 5.3117283950617287, 3.3395061728395063, 2.9753086419753085, 3.6049382716049383, 2.9691358024691357, 3.3888888888888888, 3.9444444444444446, 4.2932098765432096, 4.6790123456790127, 4.083333333333333, 1.462962962962963, 4.4320987654320989, 4.2407407407407405, 3.8425925925925926, 2.9938271604938271, 3.5123456790123457, 1.808641975308642, 4.4351851851851851, 4.1759259259259256, 3.9074074074074074, 4.3179012345679011, 8.5956790123456788, 4.4938271604938276, 4.333333333333333, 3.4783950617283952, 3.6358024691358026, 3.5925925925925926, 4.4351851851851851, 2.7901234567901234, 3.5092592592592591, 4.6604938271604937, 4.5370370370370372, 4.0030864197530862, 3.5802469135802468, 3.4012345679012346, 4.0432098765432096, 5.0648148148148149, 5.283950617283951, 3.2962962962962963, 4.0154320987654319, 3.3703703703703702, 3.4938271604938271, 3.9660493827160495, 3.9598765432098766, 4.7191358024691361, 3.1697530864197532, 4.1851851851851851, 4.3271604938271606, 5.0679012345679011, 2.3518518518518516, 4.4382716049382713, 3.7592592592592591, 3.4074074074074074, 4.1604938271604937, 5.2993827160493829, 3.691358024691358, 2.6790123456790123, 4.0277777777777777, 2.6265432098765431, 4.8055555555555554, 5.0740740740740744, 2.175925925925926, 4.3888888888888893, 3.2962962962962963, 3.5277777777777777, 2.7345679012345681, 4.2530864197530862, 3.5679012345679011, 3.8919753086419755, 5.7561728395061724, 3.7777777777777777, 3.4814814814814814, 3.8055555555555554, 4.2592592592592595, 3.6851851851851851, 1.9814814814814814, 1.6481481481481481, 3.0864197530864197, 2.6666666666666665, 3.574074074074074, 4.0401234567901234, 4.0308641975308639, 4.083333333333333, 3.7777777777777777, 4.2777777777777777, 3.4783950617283952, 4.2777777777777777, 3.6234567901234569, 3.2777777777777777, 2.5524691358024691, 4.1111111111111107, 4.7932098765432096, 4.0771604938271606, 3.7716049382716048, 4.1851851851851851, 4.7253086419753085, 1.345679012345679, 2.8888888888888888, 4.2098765432098766, 2.9351851851851851, 4.6728395061728394, 3.9320987654320989, 2.6203703703703702, 3.2623456790123457, 4.4197530864197532, 3.9382716049382718, 3.9567901234567899, 3.5, 3.6574074074074074, 2.9814814814814814, 3.1141975308641974, 3.808641975308642, 4.1296296296296298, 4.0123456790123457, 4.9043209876543212, 4.4259259259259256, 3.0833333333333335, 4.2469135802469138, 4.6697530864197532, 2.8580246913580245, 4.2530864197530862, 4.2253086419753085, 2.0123456790123457, 3.5987654320987654, 2.9166666666666665, 4.0679012345679011, 4.2067901234567904, 3.2839506172839505, 5.0061728395061724, 3.5185185185185186, 3.9814814814814814, 5.4814814814814818, 3.3888888888888888, 2.7993827160493829, 3.8425925925925926, 6.1450617283950617, 4.1481481481481479, 4.416666666666667, 5.3734567901234565, 5.5802469135802468]
